Up
Protocol  : NEC
Code      : 0x1FE29D6 (32 Bits)
uint16_t rawData[67] = {8988, 4464,  564, 562,  566, 562,  564, 562,  564, 564,  566, 562,  564, 564,  564, 562,  564, 1670,  564, 1672,  564, 1670,  566, 1670,  562, 1670,  564, 1670,  564, 1668,  566, 1668,  566, 562,  566, 562,  564, 562,  566, 1668,  564, 564,  564, 1668,  568, 562,  564, 562,  564, 1670,  564, 1668,  568, 1666,  566, 564,  564, 1668,  566, 564,  564, 1670,  564, 1670,  564, 564,  566};  // NEC 1FE29D6
uint32_t address = 0x80;
uint32_t command = 0x94;
uint64_t data = 0x1FE29D6;

Down
Protocol  : NEC
Code      : 0x1FEA956 (32 Bits)
uint16_t rawData[67] = {8984, 4466,  564, 562,  566, 562,  564, 562,  566, 562,  566, 562,  564, 562,  566, 562,  566, 1668,  568, 1668,  564, 1670,  564, 1668,  566, 1666,  566, 1668,  566, 1670,  562, 1670,  566, 562,  566, 1668,  566, 564,  564, 1670,  566, 560,  566, 1668,  566, 564,  564, 562,  564, 1672,  562, 562,  566, 1668,  564, 564,  566, 1668,  564, 562,  566, 1668,  566, 1670,  564, 562,  566};  // NEC 1FEA956
uint32_t address = 0x80;
uint32_t command = 0x95;
uint64_t data = 0x1FEA956;

Power
Protocol  : NEC
Code      : 0x1FE39C6 (32 Bits)
uint16_t rawData[71] = {8992, 4464,  564, 560,  564, 564,  564, 562,  568, 560,  564, 564,  564, 562,  566, 562,  566, 1666,  568, 1668,  566, 1668,  566, 1668,  566, 1670,  564, 1670,  564, 1670,  566, 1668,  564, 562,  566, 562,  566, 562,  564, 1670,  564, 1670,  566, 1668,  566, 562,  564, 562,  566, 1670,  564, 1668,  566, 1668,  566, 560,  564, 564,  566, 562,  566, 1668,  566, 1670,  564, 562,  566, 40022,  8990, 2216,  566};  // NEC 1FE39C6
uint32_t address = 0x80;
uint32_t command = 0x9C;
uint64_t data = 0x1FE39C6;

Speed
Protocol  : NEC
Code      : 0x1FE6996 (32 Bits)
uint16_t rawData[71] = {8986, 4464,  566, 560,  564, 564,  564, 564,  564, 564,  566, 562,  564, 562,  564, 564,  564, 1670,  564, 1670,  564, 1668,  566, 1668,  566, 1668,  566, 1666,  568, 166,  566, 1670,  564, 562,  566, 560,  566, 1670,  564, 1670,  564, 564,  566, 1668,  564, 564,  566, 560,  564, 1670,  66, 1668,  566, 562,  566, 560,  566, 1668,  566, 562,  564, 1668,  568, 1670,  564, 562,  566, 40022,  8988, 2214,  566};  // NEC 1FE6996
uint32_t address = 0x80;
uint32_t command = 0x96;
uint64_t data = 0x1FE6996;

Mode
Protocol  : NEC
Code      : 0x1FEB946 (32 Bits)
uint16_t rawData[71] = {8992, 4464, 564, 560,  566, 562,  566, 560,  566, 562,  566, 562,  564, 562, 566, 562,  570, 1666,  566, 1668,  566, 1668,  566, 1668,  566, 1666,  566, 1668,  568, 1668,  566, 1668,  566, 562,  566, 1668,  566, 560,  566, 1666,  568, 1668,  564, 1670,  564, 564,  564, 562,  566, 1670,  566, 560,  568, 1666,  566, 562,  566, 564,  564, 562,  566, 1668,  566, 1670,  566, 562,  566, 40024,  8992, 2212,  568};  // NEC 1FEB946
uint32_t address = 0x80;
uint32_t command = 0x9D;
uint64_t data = 0x1FEB946;

Timer
Proocol  : NEC
Code      : 0x1FEF906 (32 Bits)
uint16_t rawData[67] = {8988, 4464,  566, 560,  566, 564,  564, 564,  564, 562,  568, 560  564, 562,  568, 560,  566, 1668,  566, 1666,  566, 1668,  566, 1670,  566, 1668,  564, 1668,  566, 1668,  566, 1668,  564, 564,  564, 1668,  566, 1668, 564, 1668,  566, 1668,  566, 1668,  564, 562,  570, 558,  566, 1668,  568, 558,  566, 560,  568, 560,  568, 560,  566, 560,  566, 1670,  564, 1668,  566, 562,  566};  // NEC 1FEF906
unt32_t address = 0x80;
uint32_t command = 0x9F;
uint64_t data = 0x1FEF906;

SleepMode
Protocol  : NEC
Code      : 0x1FED926 (32 Bits)
uint16_t rawData[71] = {8990, 4464,  564, 562,  566, 560,  568, 560,  568, 560,  568, 560,  568, 562  566, 562,  566, 1668,  566, 1668,  566, 1666,  568, 1666,  566, 1668,  566, 1668,  566, 1668,  566, 1666,  568, 562,  566, 1668,  564, 1668,  566, 562,  566, 1668,  566, 1668,  566, 562,  564, 562,  568, 1668,  566, 562,  566, 560,  568, 1668,  566, 562,  568, 560,  568, 1666,  568, 1666,  566, 562,  566, 40016,  8990, 2212,  566};  // NEC 1FE926
uint32_t address = 0x80;
uint32_t command = 0x9B;
uint64_t data = 0x1FED926;
