RM-GA013

Power
Protocol  : SONY
Code      : 0xA90 (12 Bits)
uint16_t rawData[103] = {2398, 586,  1206, 584,  608, 588,  1204, 586,  606, 586,  1204, 586,  610, 586,  608, 586,  1206, 586,  608, 586,  608, 588,  606, 586,  608, 25742,  2396, 588,  1206, 586,  606, 588,  1202, 588,  606, 588,  1204, 586,  608, 586,  608, 584,  1206, 586,  610, 584,  608, 586,  608, 586,  608, 25724,  2398, 586,  1204, 588,  606, 588,  1208, 584,  608, 586,  1204, 586,  608, 586,  606, 588,  1206, 584,  610, 586,  608, 586,  608, 586,  606, 25742,  2400, 586,  1206, 584,  610, 586,  1206, 584,  610, 586,  1204, 590,  606, 586,  608, 588,  1202, 588,  608, 584,  610, 586,  608, 586,  610};  // SONY A90
uint32_t address = 0x1;
uint32_t command = 0x15;
uint64_t data = 0xA90;

stretch
Protocol  : SONY
Code      : 0x5E25 (15 Bits)
uint16_t rawData[127] = {2398, 586,  1204, 586,  608, 586,  1204, 588,  1204, 586,  1206, 586,  1206, 586,  608, 586,  608, 588,  608, 586,  1206, 586,  606, 588,  608, 586,  1204, 586,  608, 586,  1204, 19768,  2400, 586,  1206, 586,  608, 584,  1206, 586,  1204, 586,  1206, 586,  1204, 586,  610, 586,  608, 586,  606, 586,  1206, 584,  606, 588,  608, 584,  1206, 586,  606, 586,  1204, 19752,  2400, 586,  1206, 584,  608, 588,  1204, 586,  1204, 588,  1204, 586,  1206, 586,  608, 586,  608, 586,  608, 586,  1206, 586,  608, 586,  608, 586,  1202, 588,  606, 586,  1206, 19764,  2402, 586,  1204, 588,  608, 586,  1204, 586,  1204, 588,  1204, 588,  1204, 586,  608, 586,  610, 586,  606, 586,  1204, 588,  608, 586,  606, 588,  1206, 586,  608, 584,  1204};  // SONY 5E25
uint32_t address = 0xA4;
uint32_t command = 0x3D;
uint64_t data = 0x5E25;

Source
Protocol  : SONY
Code      : 0xA50 (12 Bits)
uint16_t rawData[77] = {2400, 584,  1206, 588,  608, 584,  1206, 586,  608, 584,  608, 588,  1204, 588,  604, 586,  1204, 586,  608, 586,  610, 584,  610, 586,  608, 25740,  2402, 584,  1206, 586,  606, 588,  1204, 586,  608, 588,  606, 586,  1206, 588,  608, 586,  1202, 588,  608, 586,  608, 586,  608, 586,  606, 25726,  2398, 588,  1204, 584,  610, 586,  1206, 586,  608, 586,  608, 586,  1204, 588,  608, 586,  1204, 586,  608, 588,  608, 584,  610, 586,  608};  // SONY A50
uint32_t address = 0x1;
uint32_t command = 0x25;
uint64_t data = 0xA50;

Tools
Protocol  : SONY
Code      : 0x36E9 (15 Bits)
uint16_t rawData[127] = {2398, 588,  608, 586,  1204, 586,  1206, 586,  608, 586,  1204, 588,  1206, 584,  608, 588,  1202, 588,  1202, 588,  1206, 586,  606, 586,  1206, 586,  608, 586,  610, 584,  1206, 19162,  2400, 586,  608, 584,  1204, 590,  1204, 586,  608, 588,  1202, 586,  1206, 586,  608, 584,  1204, 588,  1208, 584,  1206, 586,  606, 588,  1204, 586,  608, 586,  608, 584,  1206, 19162,  2400, 586,  606, 584,  1208, 584,  1206, 586,  608, 586,  1204, 588,  1204, 586,  610, 586,  1206, 584,  1204, 588,  1202, 588,  608, 586,  1204, 586,  608, 586,  608, 586,  1206, 19160,  2398, 588,  606, 586,  1204, 588,  1206, 584,  608, 586,  1206, 588,  1202, 588,  606, 588,  1204, 586,  1206, 586,  1206, 586,  608, 586,  1204, 584,  610, 586,  608, 586,  1206};  // SONY 36E9
uint32_t address = 0x97;
uint32_t command = 0x36;
uint64_t data = 0x36E9;

Menu
Protocol  : SONY
Code      : 0x70 (12 Bits)
uint16_t rawData[103] = {2398, 588,  608, 584,  608, 588,  606, 588,  608, 584,  608, 586,  1206, 586,  1206, 586,  1204, 588,  606, 588,  606, 586,  608, 586,  608, 26330,  2400, 584,  608, 586,  608, 586,  608, 586,  608, 586,  608, 586,  1206, 586,  1206, 584,  1206, 586,  608, 586,  608, 586,  608, 586,  606, 26332,  2398, 586,  608, 586,  608, 586,  610, 584,  608, 584,  610, 586,  1206, 586,  1204, 588,  1204, 588,  608, 586,  608, 588,  606, 586,  608, 26326,  2402, 588,  608, 586,  606, 586,  606, 586,  610, 586,  606, 588,  1204, 588,  1204, 586,  1206, 586,  608, 588,  606, 588,  608, 586,  608};  // SONY 70
uint32_t address = 0x1;
uint32_t command = 0x60;
uint64_t data = 0x70;

Return/exit
Protocol  : SONY
Code      : 0x62E9 (15 Bits)
uint16_t rawData[127] = {2398, 588,  1206, 586,  1204, 586,  608, 586,  606, 588,  606, 586,  1208, 584,  608, 586,  1204, 586,  1204, 588,  1204, 586,  608, 586,  1206, 584,  608, 586,  608, 586,  1206, 19768,  2398, 586,  1204, 586,  1206, 586,  608, 586,  606, 586,  606, 588,  1204, 586,  608, 588,  1204, 586,  1204, 586,  1204, 586,  610, 586,  1206, 586,  608, 586,  608, 586,  1204, 19754,  2400, 584,  1206, 586,  1204, 586,  608, 586,  608, 586,  608, 586,  1204, 588,  606, 586,  1206, 586,  1204, 586,  1204, 588,  610, 584,  1206, 586,  608, 584,  608, 586,  1204, 19766,  2400, 584,  1204, 586,  1206, 586,  608, 586,  608, 588,  604, 588,  1206, 586,  608, 586,  1204, 586,  1204, 588,  1204, 588,  608, 586,  1204, 588,  608, 586,  608, 586,  1204};  // SONY 62E9
uint32_t address = 0x97;
uint32_t command = 0x23;
uint64_t data = 0x62E9;

OK
Protocol  : SONY
Code      : 0xA70 (12 Bits)
uint16_t rawData[103] = {2396, 588,  1204, 588,  608, 586,  1206, 584,  608, 586,  608, 586,  1206, 586,  1204, 586,  1206, 586,  606, 586,  610, 584,  610, 586,  606, 25136,  2400, 586,  1204, 586,  610, 586,  1204, 586,  608, 588,  606, 588,  1204, 588,  1206, 584,  1206, 588,  606, 588,  608, 586,  608, 586,  608, 25136,  2400, 586,  1204, 586,  610, 586,  1204, 588,  608, 584,  608, 588,  1204, 586,  1206, 586,  1206, 584,  608, 586,  608, 588,  606, 586,  610, 25134,  2400, 586,  1206, 586,  608, 586,  1204, 588,  606, 584,  608, 586,  1204, 586,  1206, 586,  1206, 586,  606, 588,  608, 586,  608, 584,  610};  // SONY A70
uint32_t address = 0x1;
uint32_t command = 0x65;
uint64_t data = 0xA70;

Up
Protocol  : SONY
Code      : 0x2F0 (12 Bits)
uint16_t rawData[77] = {2400, 586,  610, 586,  610, 584,  1204, 588,  608, 586,  1204, 586,  1206, 586,  1208, 586,  1206, 586,  608, 586,  606, 586,  610, 586,  606, 25136,  2398, 586,  608, 586,  608, 584,  1206, 586,  608, 588,  1204, 586,  1206, 586,  1206, 584,  1208, 586,  608, 586,  608, 586,  608, 586,  608, 25134,  2400, 586,  608, 588,  606, 586,  1206, 588,  606, 586,  1206, 586,  1206, 586,  1206, 586,  1204, 588,  608, 586,  608, 586,  606, 586,  608};  // SONY 2F0
uint32_t address = 0x1;
uint32_t command = 0x74;
uint64_t data = 0x2F0;

Down
Protocol  : SONY
Code      : 0xAF0 (12 Bits)
uint16_t rawData[103] = {2400, 586,  1204, 588,  608, 586,  1206, 586,  608, 584,  1206, 586,  1206, 586,  1204, 588,  1204, 586,  606, 588,  608, 586,  608, 588,  604, 24532,  2400, 584,  1204, 588,  608, 586,  1204, 586,  608, 586,  1204, 586,  1204, 588,  1204, 588,  1204, 586,  608, 586,  608, 586,  606, 588,  608, 24544,  2402, 586,  1206, 586,  606, 586,  1206, 586,  606, 588,  1204, 586,  1204, 586,  1204, 586,  1206, 586,  608, 584,  608, 586,  606, 588,  608, 24530,  2400, 586,  1206, 586,  606, 588,  1206, 586,  606, 588,  1204, 586,  1204, 588,  1206, 586,  1206, 584,  608, 586,  606, 586,  606, 588,  606};  // SONY AF0
uint32_t address = 0x1;
uint32_t command = 0x75;
uint64_t data = 0xAF0;

Left
Protocol  : SONY
Code      : 0x2D0 (12 Bits)
uint16_t rawData[103] = {2402, 586,  608, 586,  608, 586,  1206, 584,  608, 586,  1206, 586,  1206, 586,  606, 586,  1206, 586,  610, 584,  606, 586,  608, 586,  608, 25742,  2398, 588,  606, 588,  608, 586,  1204, 586,  608, 586,  1206, 586,  1206, 586,  608, 586,  1206, 586,  608, 586,  608, 586,  608, 586,  606, 25726,  2402, 586,  606, 586,  608, 588,  1204, 586,  608, 586,  1206, 586,  1206, 588,  604, 590,  1202, 588,  606, 588,  608, 586,  606, 588,  608, 25738,  2400, 586,  608, 586,  608, 588,  1202, 588,  606, 586,  1206, 586,  1206, 586,  608, 584,  1206, 586,  608, 586,  608, 586,  608, 586,  608};  // SONY 2D0
uint32_t address = 0x1;
uint32_t command = 0x34;
uint64_t data = 0x2D0;

Right
Protocol  : SONY
Code      : 0xCD0 (12 Bits)
uint16_t rawData[77] = {2402, 586,  1204, 584,  1208, 584,  608, 586,  608, 586,  1206, 586,  1204, 588,  608, 586,  1204, 586,  606, 588,  608, 586,  608, 586,  606, 25136,  2400, 586,  1204, 588,  1202, 588,  608, 584,  610, 584,  1206, 588,  1202, 588,  608, 584,  1204, 586,  606, 588,  608, 586,  606, 586,  608, 25136,  2398, 586,  1208, 584,  1206, 586,  610, 586,  608, 586,  1204, 586,  1206, 588,  608, 586,  1204, 586,  608, 586,  608, 586,  608, 584,  608};  // SONY CD0
uint32_t address = 0x1;
uint32_t command = 0x33;
uint64_t data = 0xCD0;

VolUp
Protocol  : SONY
Code      : 0x490 (12 Bits)
uint16_t rawData[103] = {2398, 586,  606, 588,  1204, 588,  606, 588,  608, 584,  1206, 586,  608, 586,  606, 588,  1204, 586,  606, 588,  606, 588,  606, 586,  610, 26328,  2398, 588,  606, 586,  1206, 584,  610, 586,  606, 586,  1206, 586,  608, 586,  608, 586,  1206, 586,  608, 586,  606, 588,  608, 586,  606, 26332,  2398, 586,  608, 586,  1204, 588,  608, 586,  606, 588,  1204, 588,  608, 586,  608, 586,  1204, 586,  608, 586,  606, 588,  608, 584,  608, 26330,  2398, 586,  606, 588,  1206, 584,  608, 586,  608, 586,  1204, 586,  608, 586,  608, 586,  1204, 588,  608, 586,  608, 586,  606, 588,  608};  // SONY 490
uint32_t address = 0x1;
uint32_t command = 0x12;
uint64_t data = 0x490;

VolDown
Protocol  : SONY
Code      : 0xC90 (12 Bits)
uint16_t rawData[77] = {2398, 586,  1204, 588,  1204, 586,  606, 588,  608, 588,  1204, 586,  608, 586,  610, 586,  1204, 586,  608, 586,  610, 584,  608, 586,  606, 25726,  2400, 584,  1204, 586,  1206, 588,  606, 584,  608, 586,  1204, 586,  608, 588,  608, 586,  1204, 586,  608, 586,  606, 588,  606, 586,  608, 25742,  2398, 586,  1208, 586,  1204, 588,  606, 586,  608, 586,  1206, 586,  608, 586,  608, 586,  1206, 586,  610, 588,  606, 586,  606, 588,  606};  // SONY C90
uint32_t address = 0x1;
uint32_t command = 0x13;
uint64_t data = 0xC90;

Mute
Protocol  : SONY
Code      : 0x290 (12 Bits)
uint16_t rawData[77] = {2398, 586,  606, 588,  608, 584,  1206, 586,  608, 584,  1206, 588,  606, 588,  606, 586,  1204, 588,  608, 584,  608, 586,  606, 588,  608, 26328,  2398, 588,  608, 586,  608, 586,  1204, 586,  610, 584,  1206, 586,  606, 586,  608, 586,  1204, 586,  606, 588,  608, 586,  608, 586,  608, 26330,  2398, 586,  608, 586,  608, 586,  1204, 586,  608, 586,  1206, 586,  608, 586,  608, 588,  1204, 586,  608, 586,  608, 586,  606, 588,  606};  // SONY 290
uint32_t address = 0x1;
uint32_t command = 0x14;
uint64_t data = 0x290;

1
Protocol  : SONY
Code      : 0x10 (12 Bits)
uint16_t rawData[77] = {2400, 586,  606, 588,  608, 586,  608, 586,  608, 586,  608, 588,  606, 586,  608, 586,  1206, 586,  608, 584,  608, 586,  608, 586,  608, 27524,  2400, 586,  608, 586,  606, 588,  608, 584,  608, 588,  608, 586,  608, 586,  608, 584,  1206, 586,  606, 588,  606, 586,  608, 586,  608, 27524,  2398, 586,  608, 586,  608, 586,  608, 586,  608, 586,  608, 586,  608, 586,  608, 586,  1206, 586,  606, 586,  608, 588,  608, 586,  608};  // SONY 10
uint32_t address = 0x1;
uint32_t command = 0x0;
uint64_t data = 0x10;

2
Protocol  : SONY
Code      : 0x810 (12 Bits)
uint16_t rawData[103] = {2400, 586,  1206, 584,  610, 586,  608, 586,  608, 586,  608, 586,  608, 586,  608, 586,  1204, 586,  608, 586,  610, 584,  610, 584,  608, 26936,  2398, 586,  1204, 588,  608, 586,  606, 588,  608, 586,  606, 588,  608, 586,  608, 588,  1204, 586,  606, 588,  608, 586,  608, 586,  608, 26920,  2396, 588,  1202, 588,  608, 586,  608, 586,  608, 586,  608, 586,  606, 588,  608, 586,  1204, 586,  608, 586,  608, 586,  606, 586,  608, 26936,  2400, 586,  1204, 586,  608, 586,  608, 586,  606, 588,  608, 586,  608, 586,  608, 586,  1206, 586,  606, 588,  608, 586,  606, 586,  608};  // SONY 810
uint32_t address = 0x1;
uint32_t command = 0x1;
uint64_t data = 0x810;

3
Protocol  : SONY
Code      : 0x410 (12 Bits)
uint16_t rawData[77] = {2398, 588,  608, 586,  1204, 588,  608, 586,  606, 586,  606, 588,  606, 586,  608, 586,  1204, 588,  608, 586,  608, 586,  608, 586,  608, 26934,  2400, 586,  606, 588,  1204, 586,  606, 588,  608, 586,  606, 586,  608, 588,  608, 584,  1206, 586,  606, 588,  608, 586,  608, 586,  608, 26918,  2400, 586,  606, 588,  1206, 586,  608, 586,  608, 586,  608, 586,  606, 588,  608, 586,  1206, 586,  606, 586,  608, 586,  606, 586,  608};  // SONY 410
uint32_t address = 0x1;
uint32_t command = 0x2;
uint64_t data = 0x410;

4
Protocol  : SONY
Code      : 0xC10 (12 Bits)
uint16_t rawData[103] = {2398, 586,  1204, 588,  1206, 584,  608, 584,  610, 586,  608, 586,  606, 586,  606, 588,  1204, 586,  610, 586,  608, 586,  608, 586,  608, 26330,  2398, 586,  1206, 586,  1204, 586,  608, 586,  608, 586,  606, 586,  608, 586,  608, 586,  1206, 586,  608, 586,  606, 588,  608, 586,  608, 26330,  2400, 586,  1204, 588,  1206, 584,  608, 586,  610, 586,  608, 586,  606, 586,  608, 586,  1204, 588,  606, 588,  608, 586,  608, 586,  608, 26330,  2398, 584,  1206, 588,  1204, 584,  608, 586,  606, 586,  610, 586,  606, 586,  608, 586,  1204, 586,  608, 586,  606, 588,  608, 584,  610};  // SONY C10
uint32_t address = 0x1;
uint32_t command = 0x3;
uint64_t data = 0xC10;

5
Protocol  : SONY
Code      : 0x210 (12 Bits)
uint16_t rawData[103] = {2400, 586,  608, 586,  606, 590,  1202, 586,  608, 590,  606, 586,  606, 588,  608, 586,  1206, 586,  606, 588,  608, 586,  606, 588,  608, 26918,  2400, 586,  608, 584,  608, 584,  1206, 586,  608, 586,  608, 586,  610, 584,  610, 584,  1204, 586,  606, 588,  606, 590,  604, 586,  608, 26934,  2402, 586,  606, 586,  610, 584,  1206, 586,  608, 588,  608, 586,  606, 586,  610, 586,  1206, 586,  608, 586,  606, 586,  608, 586,  608, 26918,  2400, 586,  608, 586,  608, 584,  1206, 586,  608, 584,  608, 586,  608, 586,  608, 586,  1206, 586,  608, 584,  610, 586,  606, 586,  610};  // SONY 210
uint32_t address = 0x1;
uint32_t command = 0x4;
uint64_t data = 0x210;

6
Protocol  : SONY
Code      : 0xA10 (12 Bits)
uint16_t rawData[103] = {2398, 586,  1206, 586,  608, 586,  1204, 588,  606, 586,  608, 586,  608, 586,  606, 586,  1206, 584,  608, 588,  608, 586,  608, 586,  608, 26328,  2400, 586,  1204, 586,  608, 586,  1206, 586,  608, 586,  608, 586,  608, 586,  608, 586,  1206, 586,  608, 584,  608, 586,  606, 588,  608, 26330,  2398, 586,  1204, 586,  608, 586,  1206, 584,  610, 586,  608, 586,  608, 588,  604, 588,  1204, 586,  608, 586,  608, 586,  608, 586,  608, 26330,  2400, 584,  1206, 586,  606, 588,  1206, 586,  606, 586,  608, 588,  606, 588,  608, 584,  1204, 584,  608, 588,  606, 586,  608, 584,  608};  // SONY A10
uint32_t address = 0x1;
uint32_t command = 0x5;
uint64_t data = 0xA10;

7
Protocol  : SONY
Code      : 0x610 (12 Bits)
uint16_t rawData[103] = {2400, 588,  604, 586,  1206, 588,  1204, 586,  606, 588,  606, 588,  606, 586,  610, 586,  1206, 584,  608, 586,  610, 586,  606, 586,  608, 26330,  2398, 586,  608, 588,  1204, 586,  1206, 586,  608, 586,  608, 584,  608, 588,  608, 586,  1206, 584,  608, 588,  608, 586,  606, 588,  608, 26330,  2400, 586,  608, 586,  1206, 586,  1206, 584,  608, 586,  606, 588,  606, 590,  606, 586,  1206, 586,  608, 586,  608, 586,  608, 586,  606, 26332,  2400, 586,  608, 586,  1204, 586,  1206, 586,  608, 584,  608, 586,  608, 586,  608, 586,  1206, 584,  608, 588,  606, 586,  608, 586,  608};  // SONY 610
uint32_t address = 0x1;
uint32_t command = 0x6;
uint64_t data = 0x610;

8
Protocol  : SONY
Code      : 0xE10 (12 Bits)
uint16_t rawData[103] = {2400, 586,  1204, 586,  1206, 586,  1204, 588,  608, 586,  608, 586,  606, 588,  606, 588,  1204, 586,  608, 586,  608, 586,  606, 586,  608, 25742,  2400, 586,  1204, 586,  1206, 586,  1204, 586,  608, 588,  608, 584,  608, 588,  606, 586,  1204, 586,  608, 586,  608, 586,  606, 588,  606, 25728,  2400, 584,  1204, 586,  1204, 586,  1206, 588,  606, 586,  608, 588,  608, 584,  608, 586,  1204, 586,  606, 586,  608, 586,  608, 586,  608, 25740,  2398, 588,  1204, 588,  1204, 586,  1206, 586,  608, 586,  606, 586,  608, 586,  608, 586,  1204, 588,  606, 588,  606, 584,  610, 584,  610};  // SONY E10
uint32_t address = 0x1;
uint32_t command = 0x7;
uint64_t data = 0xE10;

9
Protocol  : SONY
Code      : 0x110 (12 Bits)
uint16_t rawData[77] = {2398, 588,  608, 586,  608, 586,  608, 586,  1206, 586,  608, 586,  606, 588,  606, 588,  1204, 586,  610, 584,  608, 586,  608, 586,  608, 26918,  2400, 588,  608, 586,  608, 586,  608, 586,  1204, 586,  608, 588,  608, 586,  608, 586,  1204, 588,  608, 584,  608, 586,  606, 588,  608, 26934,  2400, 586,  606, 586,  608, 588,  608, 586,  1204, 586,  608, 586,  606, 588,  606, 586,  1206, 584,  608, 586,  608, 588,  606, 584,  610};  // SONY 110
uint32_t address = 0x1;
uint32_t command = 0x8;
uint64_t data = 0x110;

0
Protocol  : SONY
Code      : 0x910 (12 Bits)
uint16_t rawData[103] = {2400, 586,  1206, 586,  610, 582,  610, 588,  1204, 588,  608, 584,  608, 586,  606, 588,  1206, 586,  606, 588,  606, 588,  608, 584,  610, 26330,  2400, 586,  1202, 586,  610, 584,  608, 586,  1204, 586,  608, 586,  608, 586,  608, 586,  1206, 586,  610, 584,  610, 586,  606, 588,  606, 26330,  2400, 586,  1206, 584,  608, 588,  608, 586,  1206, 586,  608, 586,  608, 586,  608, 586,  1204, 588,  608, 586,  608, 584,  608, 586,  608, 26328,  2402, 584,  1206, 588,  608, 586,  608, 584,  1206, 588,  606, 584,  610, 584,  608, 586,  1206, 586,  608, 588,  604, 588,  606, 586,  610};  // SONY 910
uint32_t address = 0x1;
uint32_t command = 0x9;
uint64_t data = 0x910;

ProgUp
Protocol  : SONY
Code      : 0x90 (12 Bits)
uint16_t rawData[103] = {2398, 584,  608, 584,  608, 588,  608, 584,  606, 588,  1204, 586,  606, 588,  608, 586,  1204, 588,  608, 586,  606, 588,  606, 588,  606, 26934,  2398, 588,  608, 584,  608, 586,  608, 586,  606, 588,  1206, 584,  608, 586,  606, 588,  1202, 588,  606, 588,  606, 586,  608, 586,  606, 26920,  2398, 588,  608, 584,  608, 588,  608, 584,  610, 584,  1204, 586,  608, 586,  606, 588,  1204, 588,  604, 588,  608, 586,  608, 586,  608, 26934,  2398, 586,  606, 586,  608, 586,  608, 586,  606, 588,  1204, 588,  606, 586,  608, 586,  1204, 586,  606, 588,  608, 584,  608, 586,  608};  // SONY 90
uint32_t address = 0x1;
uint32_t command = 0x10;
uint64_t data = 0x90;

ProgDown
Protocol  : SONY
Code      : 0x890 (12 Bits)
uint16_t rawData[77] = {2400, 586,  1204, 588,  608, 586,  608, 586,  606, 588,  1204, 588,  608, 586,  606, 588,  1206, 586,  608, 586,  606, 588,  606, 586,  608, 26328,  2400, 586,  1204, 588,  604, 588,  606, 588,  608, 584,  1206, 586,  606, 586,  610, 586,  1206, 584,  608, 586,  608, 586,  608, 586,  608, 26330,  2400, 584,  1206, 586,  608, 586,  606, 588,  606, 588,  1204, 586,  606, 586,  608, 586,  1204, 586,  610, 586,  608, 586,  608, 586,  608};  // SONY 890
uint32_t address = 0x1;
uint32_t command = 0x11;
uint64_t data = 0x890;